Query_9683;YP_002894718.1;100.000;320;0;0;1;320;1;320;0.0;621;100.00
Query_9683;AEP21677.1;98.750;320;4;0;1;320;1;320;0.0;614;99.06
Query_9683;YP_003406730.1;98.438;320;5;0;1;320;1;320;0.0;613;99.06
Query_9683;YP_009647195.1;98.746;319;4;0;1;319;1;319;0.0;611;98.75
Query_9683;AGG10751.1;98.433;319;5;0;1;319;1;319;0.0;610;98.43
Query_9683;YP_007317153.1;97.812;320;7;0;1;320;1;320;0.0;608;98.75
Query_9683;AKL78799.1;98.433;319;5;0;1;319;1;319;0.0;608;98.43
Query_9683;YP_007626330.1;92.767;318;23;0;1;318;1;318;0.0;585;97.17
Query_9683;YP_009561384.1;92.188;320;25;0;1;320;1;320;0.0;585;96.25
Query_9683;YP_007626564.1;92.767;318;23;0;1;318;1;318;0.0;584;97.17
Query_9683;NP_789849.1;91.875;320;26;0;1;320;1;320;0.0;583;95.94
Query_9683;AQS99931.1;91.875;320;26;0;1;320;1;320;0.0;583;96.25
Query_9683;AQS99956.1;91.875;320;26;0;1;320;1;320;0.0;583;95.94
Query_9683;AQT00074.1;91.562;320;27;0;1;320;1;320;0.0;582;95.94
Query_9683;AQS99721.1;91.562;320;27;0;1;320;1;320;0.0;582;95.94
Query_9683;NP_783556.1;91.562;320;27;0;1;320;1;320;0.0;582;95.94
Query_9683;YP_009700134.1;92.500;320;24;0;1;320;1;320;0.0;581;95.94
Query_9683;AXR87607.1;92.500;320;24;0;1;320;1;320;0.0;581;95.94
Query_9683;AQS99943.1;91.250;320;28;0;1;320;1;320;0.0;581;95.94
Query_9683;AQT00040.1;91.250;320;28;0;1;320;1;320;0.0;581;95.94
Query_9683;AQT00052.1;91.250;320;28;0;1;320;1;320;0.0;581;95.94
Query_9683;YP_794150.1;91.562;320;27;0;1;320;1;320;0.0;580;95.31
Query_9683;AEY72439.1;91.562;320;27;0;1;320;1;320;0.0;580;96.25
Query_9683;AQT00256.1;91.250;320;28;0;1;320;1;320;0.0;580;95.62
Query_9683;NP_663793.1;91.562;320;27;0;1;320;1;320;0.0;580;95.31
Query_9683;AQT00158.1;91.250;320;28;0;1;320;1;320;0.0;579;95.62
Query_9683;AQT00019.1;91.250;320;28;0;1;320;1;320;0.0;579;95.62
Query_9683;AXR87542.1;92.188;320;25;0;1;320;1;320;0.0;579;95.62
Query_9683;AXR87555.1;92.188;320;25;0;1;320;1;320;0.0;579;95.62
Query_9683;AAM12803.1;94.006;317;19;0;1;317;1;317;0.0;569;96.85
Query_9683;YP_002456347.1;93.438;320;21;0;1;320;1;320;0.0;568;97.19
Query_9683;AKL78812.1;96.250;320;12;0;1;320;1;320;0.0;568;98.75
Query_9683;YP_007625823.1;93.125;320;22;0;1;320;1;320;0.0;568;97.19
Query_9683;AHN95615.1;93.750;320;20;0;1;320;1;320;0.0;567;96.88
Query_9683;AHN95589.1;93.438;320;21;0;1;320;1;320;0.0;567;96.88
Query_9683;ADQ12693.1;93.691;317;20;0;1;317;1;317;0.0;566;96.85
Query_9683;YP_007625186.1;93.750;320;20;0;1;320;1;320;0.0;565;96.56
Query_9683;YP_007625173.1;94.062;320;19;0;1;320;1;320;0.0;565;95.94
Query_9683;YP_009400219.1;93.125;320;22;0;1;320;1;320;0.0;565;96.56
Query_9683;YP_007625043.1;94.375;320;18;0;1;320;1;320;0.0;564;96.25
Query_9683;AEP22041.1;90.938;320;29;0;1;320;1;320;0.0;563;96.56
Query_9683;YP_007625082.1;94.062;320;19;0;1;320;1;320;0.0;563;95.94
Query_9683;AKC99320.1;93.750;320;20;0;1;320;1;320;0.0;563;95.62
Query_9683;ALG65262.1;94.006;317;19;0;1;317;1;317;0.0;563;96.85
Query_9683;QHT54170.1;91.562;320;27;0;1;320;1;320;0.0;562;96.88
Query_9683;AEY72244.1;92.188;320;25;0;1;320;1;320;0.0;562;96.88
Query_9683;AGZ03547.1;93.125;320;22;0;1;320;1;320;0.0;562;95.62
Query_9683;AHI51579.1;93.438;320;21;0;1;320;1;320;0.0;562;95.94
Query_9683;YP_008080681.1;92.812;320;23;0;1;320;1;320;0.0;562;95.94
Query_9683;YP_007626616.1;92.188;320;25;0;1;320;1;320;0.0;562;96.56
Query_9683;YP_007625134.1;93.438;320;21;0;1;320;1;320;0.0;562;96.25
Query_9683;YP_007626031.1;93.438;320;21;0;1;320;1;320;0.0;562;96.25
Query_9683;AIT55447.1;93.082;318;22;0;1;318;1;318;0.0;561;96.54
Query_9683;AJG02834.1;92.188;320;25;0;1;320;1;320;0.0;561;96.56
Query_9683;YP_009002160.1;93.125;320;22;0;1;320;1;320;0.0;561;96.25
Query_9683;YP_007627213.1;93.438;320;21;0;1;320;1;320;0.0;561;96.25
Query_9683;AFN06176.1;93.750;320;20;0;1;320;1;320;0.0;561;95.62
Query_9683;YP_007625121.1;93.125;320;22;0;1;320;1;320;0.0;561;95.94
Query_9683;AQT00474.1;91.875;320;26;0;1;320;1;320;0.0;561;96.25
Query_9683;AQS99969.1;91.875;320;26;0;1;320;1;320;0.0;561;96.25
Query_9683;AEP20936.1;93.711;318;20;0;1;318;1;318;0.0;561;96.54
Query_9683;YP_006576180.1;91.875;320;26;0;1;320;1;320;0.0;561;96.56
Query_9683;YP_448934.1;93.082;318;22;0;1;318;1;318;0.0;561;96.86
Query_9683;AEP20780.1;93.438;320;21;0;1;320;1;320;0.0;560;95.94
Query_9683;AJG02769.1;92.188;320;25;0;1;320;1;320;0.0;560;96.56
Query_9683;AJP09676.1;90.938;320;29;0;1;320;1;320;0.0;560;96.56
Query_9683;BAQ56107.1;94.006;317;19;0;1;317;1;317;0.0;560;96.53
Query_9683;AEP21820.1;91.875;320;26;0;1;320;1;320;0.0;560;96.88
Query_9683;YP_004300522.1;91.875;320;26;0;1;320;1;320;0.0;560;96.56
Query_9683;ACI24524.1;92.812;320;23;0;1;320;1;320;0.0;560;95.62
Query_9683;YP_009057538.1;93.691;317;20;0;1;317;1;317;0.0;560;96.53
Query_9683;YP_007626057.1;91.562;320;27;0;1;320;1;320;0.0;560;96.56
Query_9683;YP_007624978.1;91.875;320;26;0;1;320;1;320;0.0;560;96.56
Query_9683;AGS43265.1;93.438;320;21;0;1;320;1;320;0.0;560;95.94
Query_9683;YP_005296067.1;91.875;320;26;0;1;320;1;320;0.0;560;95.94
Query_9683;YP_007626629.1;92.188;320;25;0;1;320;1;320;0.0;560;96.25
Query_9683;AEY72049.1;91.875;320;26;0;1;320;1;320;0.0;559;96.56
Query_9683;ACU81427.1;93.711;318;20;0;1;318;1;318;0.0;559;95.91
Query_9683;AEY72218.1;91.875;320;26;0;1;320;1;320;0.0;559;96.56
Query_9683;YP_007625056.1;93.438;320;21;0;1;320;1;320;0.0;559;95.62
Query_9683;AEY71984.1;91.875;320;26;0;1;320;1;320;0.0;559;96.56
Query_9683;AEP21222.1;93.125;320;22;0;1;320;1;320;0.0;559;95.94
Query_9683;YP_007626044.1;92.812;320;23;0;1;320;1;320;0.0;559;95.62
Query_9683;YP_009004012.1;92.812;320;23;0;1;320;1;320;0.0;559;95.94
Query_9683;YP_007626499.1;92.500;320;24;0;1;320;1;320;0.0;559;95.94
Query_9683;NP_008407.1;93.125;320;22;0;1;320;1;320;0.0;559;95.62
Query_9683;AOS85518.1;93.438;320;21;0;1;320;1;320;0.0;559;95.62
Query_9683;AII98143.1;93.438;320;21;0;1;320;1;320;0.0;559;95.31
Query_9683;QEU53229.1;93.691;317;20;0;1;317;1;317;0.0;559;96.53
Query_9683;AOT84966.1;93.060;317;22;0;1;317;1;317;0.0;559;96.21
Query_9683;YP_007625069.1;93.750;320;20;0;1;320;1;320;0.0;559;95.62
Query_9683;YP_007626304.1;91.875;320;26;0;1;320;1;320;0.0;558;96.25
Query_9683;AWD84332.1;92.500;320;24;0;1;320;1;320;0.0;558;95.31
Query_9683;YP_007625030.1;93.125;320;22;0;1;320;1;320;0.0;558;95.31
Query_9683;YP_007626915.1;92.812;320;23;0;1;320;1;320;0.0;558;95.94
Query_9683;AEP21807.1;91.875;320;26;0;1;320;1;320;0.0;558;96.25
Query_9683;YP_002600791.1;92.812;320;23;0;1;320;1;320;0.0;558;95.62
Query_9683;AEP21794.1;91.875;320;26;0;1;320;1;320;0.0;558;96.25
Query_9683;ASX99652.1;90.938;320;29;0;1;320;1;320;0.0;558;96.25
Query_9683;AOR40349.1;93.125;320;22;0;1;320;1;320;0.0;558;95.62


